%% A 257 LINE 3D ISOGEOMETRIC TOPOLOGY OPTIMIZATION CODE BASED ON BEZIER EXTRACTION %%
function iga_top3D257(nelx,nely,nelz,volfrac,penal,rmin)
%% MATERIAL PROPERTIES
E0 = 1;
Emin = 1e-3;
nu = 0.3;
%% PREPARE IGA
noPtsX = nelx + 2;
noPtsY = nely + 2;
noPtsZ = nelz + 2;
noCtrPts   = noPtsX * noPtsY *noPtsZ;
noElems = nelx * nely *nelz;
noDofs = 3*noCtrPts;
noPtsX_B = 2*nelx + 1;
noPtsY_B = 2*nely + 1;
noPtsZ_B = 2*nelz + 1;
noCtrPts_B   = noPtsX_B * noPtsY_B *noPtsZ_B;
A11 = [864,144,-48,144,-72,-72,-48,-72,-40,144,-72,-72,-72,-108,-60,-72,-60,-28,-48,-72,-40,-72,-60,-28,-40,-28,-12;
    144,672,144,-72,144,-72,-72,-16,-72,-72,144,-72,-108,-24,-108,-60,-40,-60,-72,-16,-72,-60,-40,-60,-28,-24,-28;
    -48,144,864,-72,-72,144,-40,-72,-48,-72,-72,144,-60,-108,-72,-28,-60,-72,-40,-72,-48,-28,-60,-72,-12,-28,-40;
    144,-72,-72,672,144,-16,144,-72,-72,-72,-108,-60,144,-24,-40,-72,-108,-60,-72,-60,-28,-16,-40,-24,-72,-60,-28;
    -72,144,-72,144,512,144,-72,144,-72,-108,-24,-108,-24,128,-24,-108,-24,-108,-60,-40,-60,-40,0,-40,-60,-40,-60;
    -72,-72,144,-16,144,672,-72,-72,144,-60,-108,-72,-40,-24,144,-60,-108,-72,-28,-60,-72,-24,-40,-16,-28,-60,-72;
    -48,-72,-40,144,-72,-72,864,144,-48,-72,-60,-28,-72,-108,-60,144,-72,-72,-40,-28,-12,-72,-60,-28,-48,-72,-40;
    -72,-16,-72,-72,144,-72,144,672,144,-60,-40,-60,-108,-24,-108,-72,144,-72,-28,-24,-28,-60,-40,-60,-72,-16,-72;
    -40,-72,-48,-72,-72,144,-48,144,864,-28,-60,-72,-60,-108,-72,-72,-72,144,-12,-28,-40,-28,-60,-72,-40,-72,-48;
    144,-72,-72,-72,-108,-60,-72,-60,-28,672,144,-16,144,-24,-40,-16,-40,-24,144,-72,-72,-72,-108,-60,-72,-60,-28;
    -72,144,-72,-108,-24,-108,-60,-40,-60,144,512,144,-24,128,-24,-40,0,-40,-72,144,-72,-108,-24,-108,-60,-40,-60;
    -72,-72,144,-60,-108,-72,-28,-60,-72,-16,144,672,-40,-24,144,-24,-40,-16,-72,-72,144,-60,-108,-72,-28,-60,-72;
    -72,-108,-60,144,-24,-40,-72,-108,-60,144,-24,-40,512,128,0,144,-24,-40,-72,-108,-60,144,-24,-40,-72,-108,-60;
    -108,-24,-108,-24,128,-24,-108,-24,-108,-24,128,-24,128,384,128,-24,128,-24,-108,-24,-108,-24,128,-24,-108,-24,-108;
    -60,-108,-72,-40,-24,144,-60,-108,-72,-40,-24,144,0,128,512,-40,-24,144,-60,-108,-72,-40,-24,144,-60,-108,-72;
    -72,-60,-28,-72,-108,-60,144,-72,-72,-16,-40,-24,144,-24,-40,672,144,-16,-72,-60,-28,-72,-108,-60,144,-72,-72;
    -60,-40,-60,-108,-24,-108,-72,144,-72,-40,0,-40,-24,128,-24,144,512,144,-60,-40,-60,-108,-24,-108,-72,144,-72;
    -28,-60,-72,-60,-108,-72,-72,-72,144,-24,-40,-16,-40,-24,144,-16,144,672,-28,-60,-72,-60,-108,-72,-72,-72,144;
    -48,-72,-40,-72,-60,-28,-40,-28,-12,144,-72,-72,-72,-108,-60,-72,-60,-28,864,144,-48,144,-72,-72,-48,-72,-40;
    -72,-16,-72,-60,-40,-60,-28,-24,-28,-72,144,-72,-108,-24,-108,-60,-40,-60,144,672,144,-72,144,-72,-72,-16,-72;
    -40,-72,-48,-28,-60,-72,-12,-28,-40,-72,-72,144,-60,-108,-72,-28,-60,-72,-48,144,864,-72,-72,144,-40,-72,-48;
    -72,-60,-28,-16,-40,-24,-72,-60,-28,-72,-108,-60,144,-24,-40,-72,-108,-60,144,-72,-72,672,144,-16,144,-72,-72;
    -60,-40,-60,-40,0,-40,-60,-40,-60,-108,-24,-108,-24,128,-24,-108,-24,-108,-72,144,-72,144,512,144,-72,144,-72;
    -28,-60,-72,-24,-40,-16,-28,-60,-72,-60,-108,-72,-40,-24,144,-60,-108,-72,-72,-72,144,-16,144,672,-72,-72,144;
    -40,-28,-12,-72,-60,-28,-48,-72,-40,-72,-60,-28,-72,-108,-60,144,-72,-72,-48,-72,-40,144,-72,-72,864,144,-48;
    -28,-24,-28,-60,-40,-60,-72,-16,-72,-60,-40,-60,-108,-24,-108,-72,144,-72,-72,-16,-72,-72,144,-72,144,672,144;
    -12,-28,-40,-28,-60,-72,-40,-72,-48,-28,-60,-72,-60,-108,-72,-72,-72,144,-40,-72,-48,-72,-72,144,-48,144,864];
A12 = [270,-180,-90,180,-120,-60,90,-60,-30,135,-90,-45,90,-60,-30,45,-30,-15,45,-30,-15,30,-20,-10,15,-10,-5;
      180,0,-180,120,0,-120,60,0,-60,90,0,-90,60,0,-60,30,0,-30,30,0,-30,20,0,-20,10,0,-10;
      90,180,-270,60,120,-180,30,60,-90,45,90,-135,30,60,-90,15,30,-45,15,30,-45,10,20,-30,5,10,-15;
      -180,120,60,0,0,0,180,-120,-60,-90,60,30,0,0,0,90,-60,-30,-30,20,10,0,0,0,30,-20,-10;
      -120,0,120,0,0,0,120,0,-120,-60,0,60,0,0,0,60,0,-60,-20,0,20,0,0,0,20,0,-20;
      -60,-120,180,0,0,0,60,120,-180,-30,-60,90,0,0,0,30,60,-90,-10,-20,30,0,0,0,10,20,-30;
      -90,60,30,-180,120,60,-270,180,90,-45,30,15,-90,60,30,-135,90,45,-15,10,5,-30,20,10,-45,30,15;
      -60,0,60,-120,0,120,-180,0,180,-30,0,30,-60,0,60,-90,0,90,-10,0,10,-20,0,20,-30,0,30;
      -30,-60,90,-60,-120,180,-90,-180,270,-15,-30,45,-30,-60,90,-45,-90,135,-5,-10,15,-10,-20,30,-15,-30,45;
      135,-90,-45,90,-60,-30,45,-30,-15,180,-120,-60,120,-80,-40,60,-40,-20,135,-90,-45,90,-60,-30,45,-30,-15;
      90,0,-90,60,0,-60,30,0,-30,120,0,-120,80,0,-80,40,0,-40,90,0,-90,60,0,-60,30,0,-30;
      45,90,-135,30,60,-90,15,30,-45,60,120,-180,40,80,-120,20,40,-60,45,90,-135,30,60,-90,15,30,-45;
      -90,60,30,0,0,0,90,-60,-30,-120,80,40,0,0,0,120,-80,-40,-90,60,30,0,0,0,90,-60,-30;
      -60,0,60,0,0,0,60,0,-60,-80,0,80,0,0,0,80,0,-80,-60,0,60,0,0,0,60,0,-60;
      -30,-60,90,0,0,0,30,60,-90,-40,-80,120,0,0,0,40,80,-120,-30,-60,90,0,0,0,30,60,-90;
      -45,30,15,-90,60,30,-135,90,45,-60,40,20,-120,80,40,-180,120,60,-45,30,15,-90,60,30,-135,90,45;
      -30,0,30,-60,0,60,-90,0,90,-40,0,40,-80,0,80,-120,0,120,-30,0,30,-60,0,60,-90,0,90;
      -15,-30,45,-30,-60,90,-45,-90,135,-20,-40,60,-40,-80,120,-60,-120,180,-15,-30,45,-30,-60,90,-45,-90,135;
      45,-30,-15,30,-20,-10,15,-10,-5,135,-90,-45,90,-60,-30,45,-30,-15,270,-180,-90,180,-120,-60,90,-60,-30;
      30,0,-30,20,0,-20,10,0,-10,90,0,-90,60,0,-60,30,0,-30,180,0,-180,120,0,-120,60,0,-60;
      15,30,-45,10,20,-30,5,10,-15,45,90,-135,30,60,-90,15,30,-45,90,180,-270,60,120,-180,30,60,-90;
      -30,20,10,0,0,0,30,-20,-10,-90,60,30,0,0,0,90,-60,-30,-180,120,60,0,0,0,180,-120,-60;
      -20,0,20,0,0,0,20,0,-20,-60,0,60,0,0,0,60,0,-60,-120,0,120,0,0,0,120,0,-120;
      -10,-20,30,0,0,0,10,20,-30,-30,-60,90,0,0,0,30,60,-90,-60,-120,180,0,0,0,60,120,-180;
      -15,10,5,-30,20,10,-45,30,15,-45,30,15,-90,60,30,-135,90,45,-90,60,30,-180,120,60,-270,180,90;
      -10,0,10,-20,0,20,-30,0,30,-30,0,30,-60,0,60,-90,0,90,-60,0,60,-120,0,120,-180,0,180;
      -5,-10,15,-10,-20,30,-15,-30,45,-15,-30,45,-30,-60,90,-45,-90,135,-30,-60,90,-60,-120,180,-90,-180,270];
